[?25l[0m [38;2;0;0;0m                                     [0m
 [38;2;0;0;0m                  [0m       [38;2;0;0;0m            [0m
 [38;2;0;0;0m                [0m   [38;2;189;9;33m=[7m[38;2;181;10;33m~[38;2;171;9;31m~[0m[38;2;209;10;38my[38;2;170;10;33my[38;2;217;14;43m_[0m   [38;2;0;0;0m         [0m
 [38;2;0;0;0m           [0m    [38;2;129;8;25m_[38;2;229;14;44m_[38;2;228;11;41m_[38;2;183;9;33my[38;2;197;11;37my[7m[38;2;159;9;30m?[0m[38;2;225;12;40;48;2;221;12;41m'[38;2;226;11;40;48;2;228;14;43m][38;2;225;10;39;48;2;228;13;43m%[38;2;226;12;41;48;2;229;14;43m@[0m[7m[38;2;208;12;39m`[38;2;143;8;26m~[0m[38;2;175;10;33m_[0m [38;2;2;0;0m        [0m
 [38;2;0;0;0m         [0m   [38;2;229;14;44m_[7m[38;2;157;8;28m~[38;2;202;11;37m`[0m[38;2;226;12;41;48;2;227;13;42m-[38;2;221;8;33;48;2;228;13;43m`[38;2;226;10;39;48;2;227;12;41m*[38;2;227;11;40;48;2;228;13;43mp[38;2;230;13;44;48;2;226;12;41m4[38;2;230;14;44mu[38;2;224;9;38;48;2;227;12;42m`[38;2;229;14;44;48;2;227;12;41mM[38;2;230;14;45m)[38;2;224;9;37;48;2;227;12;42m-[38;2;232;17;46;48;2;223;12;41m'[38;2;222;8;36;48;2;226;12;42m.[38;2;234;19;49;48;2;226;13;42m'[0m[7m[38;2;165;9;30m~[0m[38;2;126;7;23m_[0m  [38;2;0;0;0m     [0m
 [38;2;0;0;0m       [0m  [38;2;126;5;20m_[7m[38;2;146;9;27m~[0m[38;2;152;8;27;48;2;221;13;41m~[38;2;226;11;40;48;2;228;12;42m/[38;2;229;15;45;48;2;227;12;41mL[38;2;221;9;35;48;2;228;14;43m^[38;2;127;9;24;48;2;223;12;41m_[0m[7m[38;2;184;10;34m_[38;2;156;10;30my[38;2;132;8;25my[0m[38;2;228;13;43m~[38;2;226;13;42m~[7m[38;2;136;8;25mg[0m[38;2;128;8;25;48;2;215;12;40m-[38;2;231;16;46;48;2;226;12;41mz[38;2;228;14;43;48;2;227;11;41mw[38;2;228;8;38;48;2;219;12;41m:[0m[38;2;230;15;45m_[38;2;216;12;40m~[38;2;120;4;19;48;2;209;12;38m_[38;2;229;13;44;48;2;217;12;40m'[0m[38;2;222;12;40m_[0m [38;2;3;0;1m     [0m
 [38;2;0;0;0m     [0m   [7m[38;2;142;8;26mF[0m[38;2;233;18;49;48;2;220;12;40m'[38;2;224;8;36;48;2;228;13;42m"[38;2;224;11;39;48;2;228;13;43m~[38;2;232;15;45;48;2;212;11;38m`[0m[7m[38;2;156;9;29my[0m[38;2;191;11;36m~[0m       [7m[38;2;193;11;36m_[0m[38;2;225;10;39;48;2;228;12;42m)[38;2;223;9;37;48;2;228;13;43mY[38;2;227;11;41;48;2;229;14;44m\[38;2;230;15;45;48;2;228;12;42mR[0m[7m[38;2;211;12;40m`[38;2;200;11;37m~[0m[38;2;223;10;38;48;2;228;13;43m`[38;2;225;11;39;48;2;227;12;41mc[0m[38;2;193;12;37mL[0m   [38;2;0;0;0m  [0m
 [38;2;0;0;0m    [0m   [7m[38;2;186;11;35m`[0m[38;2;225;9;38;48;2;227;13;42m`[38;2;224;10;39;48;2;228;13;43m([38;2;235;18;49;48;2;223;12;41m:[0m[38;2;207;12;39mF[0m    [38;2;0;0;0m [0m      [38;2;182;14;36m`[38;2;218;12;40m~[38;2;227;11;41m~[7m[38;2;134;9;25my[38;2;163;9;30my[38;2;197;11;37m_[0m[38;2;233;19;50;48;2;221;12;41m'[38;2;219;7;32;48;2;227;13;42m:[38;2;233;16;47;48;2;226;13;42m.[0m [38;2;104;7;20m    [0m
 [38;2;0;0;0m     [0m [7m[38;2;195;11;36m^[0m[38;2;222;9;37;48;2;229;14;44mL[38;2;225;11;38;48;2;228;13;43mJ[38;2;233;18;48;48;2;215;12;40m:[0m[38;2;226;13;42m`[0m        [38;2;224;13;41m_[38;2;190;10;35my[7m[38;2;164;9;31m~[38;2;191;11;37m~[38;2;196;11;37m~[38;2;191;11;35m~[38;2;169;10;32m~[0m[38;2;196;11;37my[38;2;230;15;45m_[0m  [38;2;200;8;33m~[38;2;222;10;38m~[0m [38;2;1;0;0m    [0m
 [38;2;0;0;0m    [0m [7m[38;2;147;9;28mF[0m[38;2;231;14;44;48;2;227;12;41mU[38;2;230;16;46;48;2;226;12;41m%[38;2;221;9;35;48;2;228;13;42m}[0m[38;2;223;10;38m'[0m [38;2;217;12;40mj[0m  [38;2;3;1;1m  [0m [38;2;173;11;33my[7m[38;2;202;12;38m`[0m[38;2;232;12;43;48;2;226;12;41m'[0m[7m[38;2;198;12;38m_[38;2;151;9;28my[38;2;129;8;25ma[0m[38;2;229;13;43m~[7m[38;2;135;7;24my[38;2;166;9;30m_[0m[38;2;130;7;23;48;2;215;12;40m,[38;2;230;15;44;48;2;228;12;41mg[38;2;138;13;30;48;2;214;12;40m`[0m[38;2;196;12;38my[0m   [38;2;1;0;0m    [0m
 [38;2;0;0;0m    [0m [38;2;235;16;48;48;2;214;13;40m'[38;2;225;11;40;48;2;228;12;42m"[38;2;225;9;37;48;2;228;13;42m"[38;2;232;18;48;48;2;193;12;37m'[0m  [38;2;229;13;43;48;2;220;13;41m:[0m    [7m[38;2;142;9;27mF[0m[38;2;224;10;38;48;2;228;13;42m>[38;2;227;14;42;48;2;202;12;38m`[0m[38;2;144;8;27m~[0m       [7m[38;2;144;8;27my[0m[38;2;226;11;40;48;2;229;13;43m#[38;2;224;11;38;48;2;228;13;43mN[0m[7m[38;2;200;12;38m`[0m  [38;2;2;0;0m  [0m [38;2;0;0;0m [0m
 [38;2;0;0;0m   [0m  [38;2;228;14;43;48;2;226;12;41mP[38;2;225;10;38;48;2;228;13;43m'[38;2;229;13;43;48;2;227;12;42m<[38;2;229;13;44;48;2;168;10;31m:[0m  [38;2;232;16;46;48;2;227;13;42m-[0m[38;2;211;13;40mL[0m   [38;2;228;10;40;48;2;212;12;39m`[38;2;232;16;46;48;2;227;12;42m>[0m[38;2;159;9;29m[[0m    [38;2;1;0;0m [0m    [7m[38;2;182;10;33mL[0m[38;2;229;14;44;48;2;227;12;41m2[38;2;230;14;44;48;2;227;13;42m^[38;2;136;7;25;48;2;195;11;36m"[0m    [38;2;0;0;0m [0m
 [38;2;0;0;0m   [0m  [38;2;230;15;46;48;2;206;11;37m'[38;2;225;10;39;48;2;228;13;43mg[38;2;218;6;29;48;2;228;13;42m,[38;2;229;14;44;48;2;217;12;40m:[0m  [7m[38;2;174;11;33mL[0m[38;2;233;21;52;48;2;225;12;41m.[0m[38;2;213;12;39mL[0m  [7m[38;2;134;9;27mL[0m[38;2;234;17;47;48;2;226;12;41m.[38;2;119;8;24;48;2;194;11;36m"[0m[38;2;194;12;36m_[0m        [38;2;139;7;25;48;2;190;10;35m~[38;2;221;8;36;48;2;227;13;42m^[38;2;223;10;37m<[38;2;225;10;39;48;2;224;14;43m`[0m[38;2;123;9;24mL[0m [38;2;0;0;0m   [0m
 [38;2;0;0;0m   [0m  [38;2;231;16;47m`[38;2;229;14;44;48;2;228;12;42mX[38;2;230;15;45;48;2;227;11;40mR[38;2;232;18;48;48;2;227;12;41m;[0m[7m[38;2;179;10;34m`[0m  [7m[38;2;174;11;33m_[0m[38;2;226;8;35;48;2;229;13;43m`[0m[7m[38;2;203;11;37m`[0m[38;2;179;10;33my[0m [38;2;227;10;39m`[7m[38;2;152;10;29my[38;2;183;11;34m_[38;2;165;9;31m_[0m[38;2;226;11;40m=[38;2;148;9;28mr[0m   [38;2;144;9;28m_[7m[38;2;174;11;33m~[0m[38;2;232;17;47;48;2;226;13;41m:[38;2;225;11;39;48;2;228;14;43m([38;2;230;17;47;48;2;221;12;40m:[0m[38;2;171;10;32mM[0m  [38;2;0;0;0m   [0m
 [38;2;0;0;0m    [0m  [7m[38;2;126;7;23mL[0m[38;2;232;13;44;48;2;224;12;41m:[38;2;227;11;41;48;2;229;14;43m%[38;2;225;10;39;48;2;229;13;42m}[0m[7m[38;2;201;12;38m`[0m[38;2;223;13;42m_[0m [38;2;197;11;37m~[7m[38;2;195;11;36m_[0m[38;2;224;10;38;48;2;228;14;43mU[38;2;223;10;38;48;2;225;13;43m'[0m[7m[38;2;195;10;36m~[0m[38;2;213;11;39my[38;2;179;9;32my[38;2;230;15;45m_[38;2;227;11;41m_[38;2;229;15;45m_[38;2;230;14;45m_[38;2;205;13;39my[7m[38;2;191;11;36m~[0m[38;2;235;20;50;48;2;224;12;41m:[38;2;229;14;44;48;2;226;11;40mF[38;2;224;11;39;48;2;227;13;42m~[0m[7m[38;2;196;11;37m_[0m[38;2;228;13;43m`[0m  [38;2;0;0;0m    [0m
 [38;2;0;0;0m     [0m  [38;2;230;16;45m`[7m[38;2;183;11;34m_[0m[38;2;222;9;33;48;2;227;12;42m,[38;2;230;13;43;48;2;227;13;42mU[38;2;226;12;41;48;2;229;13;43m$[0m[7m[38;2;194;12;37m~[0m[38;2;230;14;44m_[0m [38;2;222;11;40m`[7m[38;2;132;9;26my[38;2;174;10;33m_[38;2;216;13;41m_[0m[38;2;201;10;35;48;2;223;12;41m,[38;2;223;10;37;48;2;227;12;41m_[38;2;225;10;39;48;2;227;13;42mm[38;2;224;12;40;48;2;229;13;43m7[38;2;226;12;41;48;2;228;13;43mr[38;2;233;19;50;48;2;226;12;42m.[0m[7m[38;2;221;13;41m_[38;2;184;11;35m_[38;2;138;7;25my[0m[38;2;157;8;28m~[0m   [38;2;0;0;0m     [0m
 [38;2;0;0;0m       [0m  [38;2;222;11;38m`[7m[38;2;153;9;29my[38;2;213;12;40m_[0m[38;2;230;15;45;48;2;226;11;40m"[38;2;224;8;37;48;2;228;12;42m`[38;2;227;12;42;48;2;222;13;41m'[0m[7m[38;2;190;12;36m~[0m[38;2;202;12;37my[38;2;230;15;45m_[38;2;227;12;42m_[38;2;151;11;30m_[38;2;147;10;28m`[38;2;224;12;42m`[38;2;217;7;33m`[38;2;171;8;29m`[0m      [38;2;0;0;0m       [0m
 [38;2;0;0;0m         [0m   [38;2;207;10;37m`[38;2;225;10;38m~[7m[38;2;142;8;26my[38;2;160;10;30m_[38;2;181;11;34m_[38;2;192;11;35m_[38;2;194;10;35m_[38;2;189;10;34m_[38;2;170;9;30m_[38;2;149;10;29my[38;2;114;7;21ma[0m[38;2;194;12;37m~[0m    [38;2;0;0;0m         [0m
 [38;2;0;0;0m           [0m [38;2;0;0;0m [0m          [38;2;0;0;0m              [0m
[?25h
